贴吧用户_...	961	87	11.045977011494253
始终不能...	951	78	12.192307692307692
其实就是...	436	62	7.032258064516129
潇zxx潇	529	45	11.755555555555556
发烧三十...	647	44	14.704545454545455
QAZWSXPLM340	505	41	12.317073170731707
带带洗澡...	691	32	21.59375
adsafehappy	169	24	7.041666666666667
荒唐烬	953	22	43.31818181818182
谷之泷	408	21	19.428571428571427
虚空小龙...	483	18	26.833333333333332
国产凹凸馒9	230	18	12.777777777777779
时空王者	100	18	5.555555555555555
赵公明驾...	1524	17	89.6470588235294
问就是塞...	1042	17	61.294117647058826
Perkz	617	17	36.294117647058826
萌萌的仔猪	107	17	6.294117647058823
wainzheng	340	16	21.25
其实真的...	516	16	32.25
honeyhoney5201	557	16	34.8125
安徒升	173	16	10.8125
叫我老莫哥	86	16	5.375
迈克尔乔...	119	15	7.933333333333334
猎人	1160	14	82.85714285714286
我真的超...	646	14	46.142857142857146
琴酒才是...	383	14	27.357142857142858
Ddbdhhda	66	14	4.714285714285714
皇族法务...	436	13	33.53846153846154
靠谱君	110	13	8.461538461538462
单身汪汪...	87	13	6.6923076923076925
巫妖王...	122	13	9.384615384615385
Ice丶及川	434	12	36.166666666666664
我不引蛋啊	203	12	16.916666666666668
怀义小哥...	103	12	8.583333333333334
爪巴	180	12	15.0
槐花树的...	92	12	7.666666666666667
下之衣	101	12	8.416666666666666
西厢Ai轩wu	94	12	7.833333333333333
玩梗翻脸...	75	12	6.25
地精工程兵	81	12	6.75
薛定谔的...	33	12	2.75
Idler杜	331	11	30.09090909090909
辣舞赛文	338	11	30.727272727272727
我不是寂...	233	11	21.181818181818183
谅绿	458	11	41.63636363636363
xxxcci	225	11	20.454545454545453
阵容不合理	200	11	18.181818181818183
原无乡	129	11	11.727272727272727
2800	75	11	6.818181818181818
维尼熊熊...	27	11	2.4545454545454546
凝结眼泪	94	11	8.545454545454545
乔瑟夫·...	51	11	4.636363636363637
寄眉	1142	10	114.2
暗凯自卑	1156	10	115.6
嘉兴鸽子王	373	10	37.3
我是	363	10	36.3
潇湘雨淋...	160	10	16.0
不准喝热...	178	10	17.8
黑盒子黑	180	10	18.0
真实的谎...	63	10	6.3
光光光光...	144	10	14.4
烧饼馒头...	55	10	5.5
弹簧刀啊	106	10	10.6
虎鲨疯啦	80	10	8.0
aoguli0411	51	10	5.1
五大大	63	10	6.3
忐忑98611	66	10	6.6
落合的梦衣	42	10	4.2
爱上娅娅	43	10	4.3
洛非池	73	10	7.3
守法公民...	854	9	94.88888888888889
中国西海...	668	9	74.22222222222223
thshy	247	9	27.444444444444443
牛仔怕牛	234	9	26.0
gogogobomb	410	9	45.55555555555556
kesZ逆光	188	9	20.88888888888889
菩提之狼	156	9	17.333333333333332
baby你麻痹啊啊	104	9	11.555555555555555
凝墨洒泪_	59	9	6.555555555555555
井九宁	82	9	9.11111111111111
爱情与...	70	9	7.777777777777778
齐格飞...	35	9	3.888888888888889
平安金...	69	9	7.666666666666667
猫头鹰杀...	39	9	4.333333333333333
傻白00	106	9	11.777777777777779
W_X21	26	9	2.888888888888889
敏感词	292	8	36.5
请相信真...	127	8	15.875
乐观的键...	139	8	17.375
我的碧可	236	8	29.5
鲔鱼帝国	196	8	24.5
踏雪追魂10	205	8	25.625
无谓八强	158	8	19.75
郝多驴	116	8	14.5
cf小明77	71	8	8.875
华师1120	85	8	10.625
天主公...	163	8	20.375
Evan别离	96	8	12.0
Clever	84	8	10.5
揽月大魔王	52	8	6.5
zhaoshaka	114	8	14.25
双子werfwef	113	8	14.125
你猜我是...	47	8	5.875
3485313	21	8	2.625
天朝包子...	32	8	4.0
poboolo	26	8	3.25
星之守护...	13	8	1.625
可靠的狗...	20	8	2.5
丶我是鱼...	33	8	4.125
超级掉节超	214	7	30.571428571428573
o_悲劇蒂_o	133	7	19.0
异世淫君	173	7	24.714285714285715
板凳暴风儿	124	7	17.714285714285715
浮游未名	150	7	21.428571428571427
白皇	88	7	12.571428571428571
吉星高照	66	7	9.428571428571429
G2丶Perkriarch	138	7	19.714285714285715
孙笑川	52	7	7.428571428571429
tomsaid	128	7	18.285714285714285
塔儿子虎...	68	7	9.714285714285714
你的负...	57	7	8.142857142857142
森野夜Goth丶	78	7	11.142857142857142
西索	230	7	32.857142857142854
神圣小德	64	7	9.142857142857142
年年十六...	36	7	5.142857142857143
暖心	22	7	3.142857142857143
春江花月...	56	7	8.0
lyq199398	63	7	9.0
帅气定康	1	7	0.14285714285714285
鱿鱼忧郁	719	6	119.83333333333333
北京五套房	358	6	59.666666666666664
垃圾狗词穷	479	6	79.83333333333333
皇杂全得...	834	6	139.0
LCK丶IG	171	6	28.5
万先生0043	308	6	51.333333333333336
安安静静__	279	6	46.5
隻狼	276	6	46.0
乐观不起...	237	6	39.5
没有那么...	201	6	33.5
发生地方...	125	6	20.833333333333332
MaRvin	111	6	18.5
深圳男1...	165	6	27.5
ubi	71	6	11.833333333333334
刀斯林没...	109	6	18.166666666666668
夏络特玲玲	167	6	27.833333333333332
忍耐起舞...	87	6	14.5
莓可能的	103	6	17.166666666666668
DasAutoDTM	67	6	11.166666666666666
你棒子爹	75	6	12.5
糟糕部的...	68	6	11.333333333333334
文艺的小...	55	6	9.166666666666666
《千山万...	57	6	9.5
比较俗的...	39	6	6.5
林牧	104	6	17.333333333333332
nise	69	6	11.5
爱春吿烏	45	6	7.5
yinbingbdtb	192	6	32.0
萌萌彩虹岛	180	6	30.0
资深舔狗...	105	6	17.5
s13861877622	71	6	11.833333333333334
今日小科...	65	6	10.833333333333334
clenx9	95	6	15.833333333333334
泥马撕在...	62	6	10.333333333333334
星尘真人	73	6	12.166666666666666
取个名好...	19	6	3.1666666666666665
守旧分子	37	6	6.166666666666667
叛逆Cavalier	20	6	3.3333333333333335
ggwopie	18	6	3.0
华为天下...	93	6	15.5
不挠	22	6	3.6666666666666665
Cz璇璇爸	19	6	3.1666666666666665
狂歌阮籍	11	6	1.8333333333333333
木华黎	52	6	8.666666666666666
爱的威...	275	6	45.833333333333336
凌慧福	60	6	10.0
天下第二...	15	6	2.5
朕未亡时...	12	6	2.0
艾希	7	6	1.1666666666666667
遗忘以往的	107	6	17.833333333333332
千戥蓂	5	6	0.8333333333333334
丶侧漏丶	37	6	6.166666666666667
粉饰小兔	28	6	4.666666666666667
Dobby丿	27	6	4.5
Ing丶晴天	0	6	0.0
3M俱乐部	381	5	76.2
ZTF587	236	5	47.2
qqqqwuxiaoming	134	5	26.8
好迪真好迪	102	5	20.4
死魚眼·	117	5	23.4
洗澡专用...	164	5	32.8
91红先生	92	5	18.4
邪神罗汉	131	5	26.2
老陈骑猪...	142	5	28.4
嘴歪丑s...	145	5	29.0
benkwan99	57	5	11.4
猪猪...	289	5	57.8
红牛累死...	85	5	17.0
薄命少女5...	298	5	59.6
本泽	260	5	52.0
骑驴的小...	61	5	12.2
皮卡丘不...	123	5	24.6
丶小歆歆	60	5	12.0
monitorHHD	46	5	9.2
fzzzzl	117	5	23.4
天蝎赵琳兮1	55	5	11.0
52chu1314	34	5	6.8
多好又多88	25	5	5.0
灿白流年5...	30	5	6.0
瓜n	24	5	4.8
木鱼水心...	20	5	4.0
狗儿子亲...	35	5	7.0
mhtc008	150	5	30.0
远在白云...	62	5	12.4
轻狂人	27	5	5.4
梵天一页...	32	5	6.4
所爱隔山...	53	5	10.6
杀人转家	496	5	99.2
克里儿哈...	24	5	4.8
道法太玄	30	5	6.0
子时已到	145	5	29.0
囚王西西	19	5	3.8
smile空空如也i	12	5	2.4
想重来3	18	5	3.6
黍离绝响	21	5	4.2
KAWAYI小圆	40	5	8.0
we为国争光	12	5	2.4
秋起的野望	9	5	1.8
酱油不咸...	15	5	3.0
简约丨丶0	21	5	4.2
静待春风	10	5	2.0
亡灵的美梦	9	5	1.8
科学取名	13	5	2.6
简灯笼	8	5	1.6
我在等枪...	8	5	1.6
听你讲鲁	6	5	1.2
UA创造者	24	5	4.8
滴答滴答...	11	5	2.2
琉璃	46	5	9.2
Dumpling_李	11	5	2.2
CYX夏天	31	5	6.2
pxj	8	5	1.6
oupeijiabin	183	5	36.6
守护熊国...	2	5	0.4
超越梦想g...	48	5	9.6
zzzzzzzxxxx09	16	5	3.2
czo	5	5	1.0
用户名你...	13	5	2.6
苍龙出水	4	5	0.8
wwwzsj1314	66	5	13.2
葬花上神	45	5	9.0
嗷李奥	1	5	0.2
laaalaaday	801	4	200.25
西决爱你	396	4	99.0
一语成谶	304	4	76.0
真白美如画	184	4	46.0
文明痞子丿	290	4	72.5
中南闪下	109	4	27.25
无条件可...	85	4	21.25
一只橘猫	103	4	25.75
wo很内涵	108	4	27.0
吉尔伽...	106	4	26.5
Aatrox	86	4	21.5
冰冷的_温暖	113	4	28.25
vivoX646554	57	4	14.25
neejim	47	4	11.75
灰机打啊打	57	4	14.25
佐邻丶鼬舍	48	4	12.0
L赤魂	46	4	11.5
双鞋出门	49	4	12.25
紫影浅醉	103	4	25.75
深夜诗人	148	4	37.0
孙笑川爱...	34	4	8.5
你牛	293	4	73.25
naisibadi	37	4	9.25
套路型选手	82	4	20.5
名侦探杰...	65	4	16.25
懒象z	77	4	19.25
等_不到_...	49	4	12.25
璇圆光舞	120	4	30.0
科科科科wo	48	4	12.0
稳如弱智	50	4	12.5
芒刺克	32	4	8.0
怀恋的只...	25	4	6.25
菱纱伞	30	4	7.5
CC家的小...	31	4	7.75
美少男战...	55	4	13.75
一年六冠...	55	4	13.75
忆水心残	43	4	10.75
夏夕葉月	27	4	6.75
小小洋葱...	28	4	7.0
a1b2c3	17	4	4.25
詹詹自足	18	4	4.5
西巴金贡	35	4	8.75
羞男upup	25	4	6.25
鲜仁强...	34	4	8.5
我丶是老四	53	4	13.25
根号三...	31	4	7.75
Godson应许	32	4	8.0
浮生梦之岛	19	4	4.75
唯爱韦德	93	4	23.25
哈哈哈哈...	12	4	3.0
单机坑货	28	4	7.0
WorthM	27	4	6.75
做我的猫s...	13	4	3.25
最爱火箭	11	4	2.75
云天于上	25	4	6.25
柚子退役...	16	4	4.0
脚踩众神	14	4	3.5
愿你一切...	55	4	13.75
我觉得姐...	16	4	4.0
落羽翎花	17	4	4.25
千湖89混...	11	4	2.75
miss佐菲亚	32	4	8.0
hdscbkhf	84	4	21.0
coolfame	30	4	7.5
我的林欣欣	6	4	1.5
妮蔻妮蔻...	14	4	3.5
没有偶像...	1683	4	420.75
当然是原...	8	4	2.0
悲剧MCA	9	4	2.25
想进skt	12	4	3.0
长安乱88	9	4	2.25
木屐童	27	4	6.75
连过九人	7	4	1.75
开挂废物...	42	4	10.5
海绵宝宝...	470	4	117.5
筱汉堡	7	4	1.75
商君书	130	4	32.5
芬达桔子...	46	4	11.5
Rin	32	4	8.0
虚空卡比...	10	4	2.5
火蜥蜴	5	4	1.25
错把网瘾...	31	4	7.75
sunny道貌岸然	37	4	9.25
走兔五路	6	4	1.5
无名小卒2...	2	4	0.5
骑着神马...	6	4	1.5
哈利波特...	6	4	1.5
奥拉拉之心	53	4	13.25
Tsumug1	11	4	2.75
他恋上她...	15	4	3.75
你试着搞	2	4	0.5
名井南...	180	4	45.0
梦溪化物	30	4	7.5
凌晨光辉...	14	4	3.5
际丶恒	64	4	16.0
活宝小YYY	27	4	6.75
Love_欲望	10	4	2.5
__BegU	1	4	0.25
觅夏sky	28	4	7.0
带带大师...	56	4	14.0
ForeverLight72	5	4	1.25
4396	437	3	145.66666666666666
潮汐海灵...	231	3	77.0
就是喜欢...	219	3	73.0
上了你妹...	352	3	117.33333333333333
人丑素质低	178	3	59.333333333333336
有梦的kid	174	3	58.0
思念已成海o	201	3	67.0
流光易剪	159	3	53.0
过得好吗	163	3	54.333333333333336
疏影横斜	165	3	55.0
skrr魔鬼	362	3	120.66666666666667
Tshy	205	3	68.33333333333333
取得啥破...	142	3	47.333333333333336
踩死一堆...	133	3	44.333333333333336
Yomi23336	182	3	60.666666666666664
悠然自得	103	3	34.333333333333336
飯飯_go	110	3	36.666666666666664
一颗葡萄...	109	3	36.333333333333336
愈归丶	178	3	59.333333333333336
sidewzz	100	3	33.333333333333336
b西决l	104	3	34.666666666666664
璎珞旧瑾	154	3	51.333333333333336
戏君生	115	3	38.333333333333336
一切都太迟	92	3	30.666666666666668
星辰51167	94	3	31.333333333333332
带带绿师...	92	3	30.666666666666668
善解人衣c...	82	3	27.333333333333332
李云龙	88	3	29.333333333333332
4148jin	129	3	43.0
賬號已註...	73	3	24.333333333333332
混分巨兽6	105	3	35.0
236600	84	3	28.0
妙蛙种子	117	3	39.0
你没了...	84	3	28.0
星落五丈...	67	3	22.333333333333332
默记述佐	104	3	34.666666666666664
uzi简自豪	83	3	27.666666666666668
napehutka	61	3	20.333333333333332
慕容青蛙	93	3	31.0
天雪夜冰	90	3	30.0
跪下吧宅男	55	3	18.333333333333332
胜哥很帅1...	116	3	38.666666666666664
阿虚的邻...	418	3	139.33333333333334
豌zia	80	3	26.666666666666668
小78之怒	121	3	40.333333333333336
我女友...	41	3	13.666666666666666
华为分析...	39	3	13.0
z	96	3	32.0
kekehuo0	43	3	14.333333333333334
别a我了	39	3	13.0
一介卝书生	34	3	11.333333333333334
水静无月	83	3	27.666666666666668
巨嘤冲锋	44	3	14.666666666666666
麻衣道者	40	3	13.333333333333334
绿柳半夏...	60	3	20.0
对自己说灬	32	3	10.666666666666666
请叫我爸...	34	3	11.333333333333334
李浩宇的...	30	3	10.0
根号J	105	3	35.0
fireplay0	26	3	8.666666666666666
唯皇杂无...	29	3	9.666666666666666
Qs小圆	32	3	10.666666666666666
3127汪汪汪	80	3	26.666666666666668
指尖灬时光2	159	3	53.0
雨暮天西...	167	3	55.666666666666664
标哥开心6...	78	3	26.0
一直没定...	21	3	7.0
小猴无双	35	3	11.666666666666666
曾哥爱鱼蛋	26	3	8.666666666666666
S1E路一发	36	3	12.0
烟雨江南...	21	3	7.0
谢谢谢谢总	25	3	8.333333333333334
全华班世...	21	3	7.0
火祸魂	23	3	7.666666666666667
heart灬灬	30	3	10.0
你个傻砸	22	3	7.333333333333333
再添一生	20	3	6.666666666666667
健戈戈	31	3	10.333333333333334
Jio_EDM	25	3	8.333333333333334
花已向晚	66	3	22.0
从前有只...	48	3	16.0
喜欢眺望...	23	3	7.666666666666667
天羽飘零	47	3	15.666666666666666
小白脸想...	13	3	4.333333333333333
想消失啊	37	3	12.333333333333334
犀利的废墟	15	3	5.0
灬不言	28	3	9.333333333333334
覅是的我	26	3	8.666666666666666
風烟雲流	15	3	5.0
银月她姐	39	3	13.0
时间的烙	15	3	5.0
三杯空城	125	3	41.666666666666664
冕花	13	3	4.333333333333333
灬...	26	3	8.666666666666666
风会停息	94	3	31.333333333333332
TEISHINYOU	15	3	5.0
Rap纹恋	12	3	4.0
Dearest丶0	23	3	7.666666666666667
团子宇茉	25	3	8.333333333333334
Qetesh_	16	3	5.333333333333333
小牛哥	13	3	4.333333333333333
夏槿凉安...	11	3	3.6666666666666665
空城泪丶...	14	3	4.666666666666667
国民初恋...	19	3	6.333333333333333
孤龙	15	3	5.0
丶紫引z	10	3	3.3333333333333335
南鸩丶	41	3	13.666666666666666
极限潮...	16	3	5.333333333333333
东北虎	16	3	5.333333333333333
阿尔泰尔酱	45	3	15.0
智神塔	13	3	4.333333333333333
现实钱权	10	3	3.3333333333333335
武神跑路...	10	3	3.3333333333333335
清酒佳人h...	10	3	3.3333333333333335
根基吧66	11	3	3.6666666666666665
奥·新巫...	137	3	45.666666666666664
reduce	105	3	35.0
jadnjasdnsaj	88	3	29.333333333333332
渣渣辉	247	3	82.33333333333333
月落乌啼...	7	3	2.3333333333333335
颓废恶魔	50	3	16.666666666666668
南风拂面ii	62	3	20.666666666666668
林则徐徐...	20	3	6.666666666666667
飞蓬龙阳...	8	3	2.6666666666666665
0呵呵哒957	58	3	19.333333333333332
自作多情...	36	3	12.0
雨宫莲	30	3	10.0
想象天堂55	6	3	2.0
山岭bill	6	3	2.0
千寒莫丶	9	3	3.0
Remlll	11	3	3.6666666666666665
扎布777	48	3	16.0
樱琦依嘉	7	3	2.3333333333333335
伊凡	47	3	15.666666666666666
耶道涩	35	3	11.666666666666666
想办法怼...	6	3	2.0
峡谷养爹...	7	3	2.3333333333333335
三无萝莉b...	7	3	2.3333333333333335
不动明王	25	3	8.333333333333334
swrz1gowe369	7	3	2.3333333333333335
heartsdfasfda	33	3	11.0
Hank穆迪	16	3	5.333333333333333
free锁门的	10	3	3.3333333333333335
agjkkgfsfghh	7	3	2.3333333333333335
1yi笑倾城	7	3	2.3333333333333335
最爱东吴...	6	3	2.0
夜芒	12	3	4.0
杨超越是...	5	3	1.6666666666666667
阳光洒向...	5	3	1.6666666666666667
我教你娇...	88	3	29.333333333333332
清眠时代	21	3	7.0
卖洋芋有...	182	3	60.666666666666664
x6363581	7	3	2.3333333333333335
weikua	7	3	2.3333333333333335
TOT书僮	18	3	6.0
→→←←...	20	3	6.666666666666667
小和sang	6	3	2.0
王_水寿	5	3	1.6666666666666667
儒雅随和...	11	3	3.6666666666666665
饭团君tellu	5	3	1.6666666666666667
wsdsxdsf8	8	3	2.6666666666666665
house包大人	15	3	5.0
紫馨泪儿	48	3	16.0
小小豪妹...	2	3	0.6666666666666666
小森呆果	4	3	1.3333333333333333
索马里童军	2	3	0.6666666666666666
清秋蚀思	15	3	5.0
老板皇的狗	3	3	1.0
福尔摩...	37	3	12.333333333333334
不方了	2	3	0.6666666666666666
冰糖红糖...	4	3	1.3333333333333333
巴智阿黄...	6	3	2.0
爱杀小孩2号	47	3	15.666666666666666
SoLong	123	3	41.0
NIST氧	69	3	23.0
lnh730	6	3	2.0
kobefansdzy	14	3	4.666666666666667
689463sss	2	3	0.6666666666666666
只为你等...	212	3	70.66666666666667
真不的是...	2	3	0.6666666666666666
月色思念	53	3	17.666666666666668
一只然	1	3	0.3333333333333333
小妈舌甘	2	3	0.6666666666666666
猥琐绅士...	4	3	1.3333333333333333
他好像一...	2	3	0.6666666666666666
谁能懂命	6	3	2.0
你似北...	6	3	2.0
某某某墨么	1	3	0.3333333333333333
咖啡大魔...	15	3	5.0
江诗眼镜	24	3	8.0
红蓝队5号	2	3	0.6666666666666666
好可惜终...	91	3	30.333333333333332
风度o丶c	3	3	1.0
打空	26	3	8.666666666666666
厂长没爹妈	8	3	2.6666666666666665
hsbmxw	15	3	5.0
Aathma	3	3	1.0
10jju	40	3	13.333333333333334
豫丶E丨健	45	3	15.0
玉置亚子	22	3	7.333333333333333
闲庭信步...	42	3	14.0
唔得翻顺...	0	3	0.0
天涯丶	0	3	0.0
四大皆空	30	3	10.0
清风木轩	44	3	14.666666666666666
铺歌	12	3	4.0
那温暖动人	87	3	29.0
渺谜	0	3	0.0
立正丶睡觉	2	3	0.6666666666666666
九十米蔚蓝	21	3	7.0
叼丝sky	109	3	36.333333333333336
等等等等...	60	3	20.0
大埋	0	3	0.0
艹蛋的蛋...	155	3	51.666666666666664
阿贝阿贝啊	2	3	0.6666666666666666
uzi它爹	10	3	3.3333333333333335
OMG售实力中单	104	3	34.666666666666664
LPL加油	3	3	1.0
HeyIcarus	5	3	1.6666666666666667
g2吊打洗...	15	3	5.0
disddk	1	3	0.3333333333333333
952246084湮灭	3	3	1.0
RNG必满贯	710	2	355.0
带带大缪...	502	2	251.0
波风水门	806	2	403.0
小蛇教父	388	2	194.0
万米高的...	484	2	242.0
航海家苻坚	317	2	158.5
闪电电	457	2	228.5
韩杂	500	2	250.0
华佗的开...	461	2	230.5
周慕云	294	2	147.0
不许杀币...	235	2	117.5
飘渺孤鸿...	401	2	200.5
Bzheieig	202	2	101.0
reatas	189	2	94.5
别看了是...	199	2	99.5
模样不一样	174	2	87.0
久扮友	170	2	85.0
丿Jessica丶s	224	2	112.0
哥的扫把...	218	2	109.0
人民解放均	218	2	109.0
设计是空	174	2	87.0
买下三个...	155	2	77.5
叙利亚兵...	190	2	95.0
风之峡谷i	153	2	76.5
二兜	164	2	82.0
泡馍超好...	198	2	99.0
火爆腰花...	241	2	120.5
不	351	2	175.5
象岛兔女	131	2	65.5
温其入玉	137	2	68.5
很懵	125	2	62.5
Tarzan	125	2	62.5
wshyiwb	187	2	93.5
Oranglelife	119	2	59.5
我风丶	196	2	98.0
我叫三勇	138	2	69.0
qimiao168	110	2	55.0
铁域神牛	129	2	64.5
风靡RX	101	2	50.5
波斯湾尽头	150	2	75.0
西安土著	206	2	103.0
林徽因好骚	96	2	48.0
小袜子Me	92	2	46.0
linxi205	90	2	45.0
卡分是我...	89	2	44.5
辉指导	110	2	55.0
丶绫	114	2	57.0
冠军AD简...	140	2	70.0
此吊已被...	88	2	44.0
look破不说破	104	2	52.0
夜鹰之	105	2	52.5
花甲和龙...	77	2	38.5
无声新	96	2	48.0
明恋丶	143	2	71.5
爱妃的小...	74	2	37.0
子午宙	73	2	36.5
感画凯	73	2	36.5
望眼云霄	98	2	49.0
Ame	77	2	38.5
稻田二棵葱	63	2	31.5
给上单道歉	123	2	61.5
不吵21184	126	2	63.0
爱你的虎...	62	2	31.0
似锦igg	60	2	30.0
少鲶	100	2	50.0
魔王娇羞兔	60	2	30.0
静若幽兰	59	2	29.5
不死鸟cj	239	2	119.5
闷骚不是...	57	2	28.5
溦雨尘	75	2	37.5
Sunshine吻痕	70	2	35.0
我敲萌der	54	2	27.0
你的下路...	88	2	44.0
evil佂菡	54	2	27.0
五仁前锋...	53	2	26.5
我是尼巴...	53	2	26.5
林淋淋0000000	53	2	26.5
夙月	52	2	26.0
何处寻苍...	197	2	98.5
Imistaking	52	2	26.0
天体战士	51	2	25.5
憋文如便秘	50	2	25.0
月满西楼Q...	48	2	24.0
麦克伊文...	59	2	29.5
旋律	47	2	23.5
松冈茉优	61	2	30.5
睡觉觉了	46	2	23.0
空空荡荡...	46	2	23.0
春树暮云	45	2	22.5
颤抖完...	61	2	30.5
六君君	44	2	22.0
番茄炒鸡...	44	2	22.0
艾格少吃点	70	2	35.0
油菜菇凉	43	2	21.5
zyn9年	43	2	21.5
一己思欲	42	2	21.0
各族入民...	42	2	21.0
assassinundead	41	2	20.5
丨丶梦魇	40	2	20.0
小术士插...	39	2	19.5
蓝月亮	61	2	30.5
Mogami	79	2	39.5
中国·成都	38	2	19.0
一束	38	2	19.0
GAlt	38	2	19.0
我喜欢所...	168	2	84.0
蜀中隐逸	37	2	18.5
极品V傲视	37	2	18.5
活塞的麦迪	59	2	29.5
我真的有...	36	2	18.0
鳗鱼饭好次	47	2	23.5
q无独有呕p	36	2	18.0
无奈的一...	35	2	17.5
欧欧欧欧呼	61	2	30.5
那谁你钱...	35	2	17.5
陌上人	35	2	17.5
岁岁平安	54	2	27.0
苍小玄	34	2	17.0
untold7	50	2	25.0
鱼鱼鱼鱼...	46	2	23.0
世界第一...	33	2	16.5
如月Ene	33	2	16.5
星海之簜	32	2	16.0
萌萌萌丶...	32	2	16.0
卡卡	43	2	21.5
昨天涯	31	2	15.5
永恒的不...	31	2	15.5
我也曾上...	31	2	15.5
蜡笔小剑	31	2	15.5
建议击毙	54	2	27.0
星空下无敌k	42	2	21.0
派大卡卡	30	2	15.0
看w不见463	30	2	15.0
古灵爱...	30	2	15.0
WEXOMG李星	30	2	15.0
情书四月...	29	2	14.5
带哥们何...	29	2	14.5
偶数萨	190	2	95.0
xingrongF	28	2	14.0
支持爱爱...	27	2	13.5
淹死哒fish	57	2	28.5
夏洛克	27	2	13.5
三五成群	26	2	13.0
基督教德...	26	2	13.0
印度恒河...	25	2	12.5
无声丶丶...	40	2	20.0
我是你的...	25	2	12.5
提莫队长	25	2	12.5
司带娃	25	2	12.5
爱着你温柔	25	2	12.5
最爱123456lkhf	24	2	12.0
阡陌尘弥	24	2	12.0
狠人杀啊	35	2	17.5
homeblacktiny	114	2	57.0
bp	24	2	12.0
最多丶七...	55	2	27.5
长颈鹿	23	2	11.5
雨落汐尘	23	2	11.5
天凉好Fa...	23	2	11.5
轻媚丶	23	2	11.5
花花真是...	23	2	11.5
东哥傲世	23	2	11.5
安安安安嘤	23	2	11.5
CDPR	215	2	107.5
这不科学T...	22	2	11.0
雁过月前...	22	2	11.0
谁扔的炮...	44	2	22.0
马恩列毛...	22	2	11.0
灰澄时代	22	2	11.0
超爱皮卡...	22	2	11.0
为什么这...	21	2	10.5
天才可...	46	2	23.0
马儒绿	21	2	10.5
鬼脚7	21	2	10.5
苍生问道...	21	2	10.5
不悔处给手	21	2	10.5
flystrong33333	21	2	10.5
年	20	2	10.0
大鼻子露...	31	2	15.5
Q都能Q歪	39	2	19.5
qzhaoruiyang	72	2	36.0
Macchi	20	2	10.0
张日山	19	2	9.5
孙没山	19	2	9.5
李鹤与	102	2	51.0
来自...	19	2	9.5
单枪奥巴马	19	2	9.5
卩小虾米o0	51	2	25.5
尝涩	19	2	9.5
v我心自由v	19	2	9.5
Hank_瞿申图	19	2	9.5
我是个好...	18	2	9.0
如隔山如...	18	2	9.0
心中尚未...	30	2	15.0
小年年的...	17	2	8.5
网络监督...	17	2	8.5
满天都是...	17	2	8.5
好烦银	17	2	8.5
浮空滑铲	17	2	8.5
恶了脏	17	2	8.5
zz5697717	17	2	8.5
7_先森	17	2	8.5
一年6冠...	29	2	14.5
小碎骨便...	16	2	8.0
好魂纸	16	2	8.0
风吟鸟唱	46	2	23.0
风起无情...	16	2	8.0
夕心大码	30	2	15.0
我们又是...	15	2	7.5
蓝冰	15	2	7.5
涵在心中1...	15	2	7.5
暴走de多比	15	2	7.5
yhh	47	2	23.5
Gakkii	15	2	7.5
Deathsole	15	2	7.5
仙宝贝...	27	2	13.5
深深深深...	25	2	12.5
就当我没...	14	2	7.0
旧夜凉枫	14	2	7.0
狗二刘口...	35	2	17.5
巴索·修...	14	2	7.0
B吧务团...	14	2	7.0
blue	25	2	12.5
最爱lisa127	13	2	6.5
战场原黑...	25	2	12.5
与秋逐鹿	13	2	6.5
烟柳断...	13	2	6.5
帅气的韩...	27	2	13.5
神灯兰帕...	13	2	6.5
蚍蜉蜉蝣	13	2	6.5
你是真sb	13	2	6.5
零毁	13	2	6.5
蓝言遇8	13	2	6.5
不舍昼夜	13	2	6.5
TalosHunter112	13	2	6.5
kdaboom	13	2	6.5
55他敌人的	13	2	6.5
缒逑S哀	12	2	6.0
豫南小霸...	40	2	20.0
深海鱼	33	2	16.5
沙漏二十五	12	2	6.0
龙骑士_志平	24	2	12.0
患者	12	2	6.0
花之舞儿	12	2	6.0
风尘隐侠	12	2	6.0
不归	12	2	6.0
ustc	64	2	32.0
heart兮丶夜	27	2	13.5
只有一次...	11	2	5.5
万能的民...	11	2	5.5
唐三藏555	11	2	5.5
欧兹	28	2	14.0
马冬梅	11	2	5.5
机智的沐...	11	2	5.5
风雅颂华	11	2	5.5
第一口	11	2	5.5
编曲的小...	11	2	5.5
Jaoneassy	11	2	5.5
只混不c	10	2	5.0
下一届还...	10	2	5.0
书生不做饭	10	2	5.0
青ZJQC春	10	2	5.0
拉哈哈	10	2	5.0
克里斯蒂...	10	2	5.0
节奏狗没...	10	2	5.0
剑姬的本...	10	2	5.0
奋发无敌...	10	2	5.0
第一adc	10	2	5.0
稻叶	10	2	5.0
悲催的暮光i	10	2	5.0
Waitss	24	2	12.0
lI	10	2	5.0
gdpxiaoji	10	2	5.0
一刀一个...	9	2	4.5
你说他像我	9	2	4.5
你开始了	9	2	4.5
懒混吃...	9	2	4.5
就是傻傻...	9	2	4.5
简龘	29	2	14.5
加藤段藏	22	2	11.0
等等我qaq	42	2	21.0
边边的怪吼	9	2	4.5
wanghy911	9	2	4.5
JOE	9	2	4.5
aiyuexuan	9	2	4.5
袁大人来了	8	2	4.0
育碧成...	43	2	21.5
一口仨馒...	8	2	4.0
血染江山...	8	2	4.0
小妖尤尤o	8	2	4.0
下一个Atum	8	2	4.0
释明空带...	8	2	4.0
盛宴之后	8	2	4.0
青鱼郷潇潇	8	2	4.0
枪手丹尼斯	8	2	4.0
慕容惜花	8	2	4.0
辣鸡TB号...	8	2	4.0
颗粒儿辣...	32	2	16.0
虎禁掏	8	2	4.0
哈好哈哈...	53	2	26.5
呱呱乐课	8	2	4.0
嗯呢饿了	8	2	4.0
蒂莫姆森	8	2	4.0
Uzi三件套	222	2	111.0
Sing	8	2	4.0
king	8	2	4.0
CY_呀	90	2	45.0
curiousdevotez	8	2	4.0
小小熊Ian	25	2	12.5
相约1998	43	2	21.5
相见墨相忘	7	2	3.5
雾中仙的梦	7	2	3.5
无终路谁...	7	2	3.5
我好烦	73	2	36.5
水水水水...	7	2	3.5
三步...	7	2	3.5
梦絮天音	7	2	3.5
记得	7	2	3.5
寒塘鹤影	7	2	3.5
白龙星辰	7	2	3.5
把泥埋进...	7	2	3.5
52LACUS	7	2	3.5
远山金鱼	188	2	94.0
鱼鱼大宝...	6	2	3.0
钥匙—锁芯	6	2	3.0
小昱鑫	6	2	3.0
天国门前...	6	2	3.0
苏筱丶月	6	2	3.0
飘渺骷髅头	6	2	3.0
莫宁夏离	6	2	3.0
明年秋天1	6	2	3.0
连通姨洞o	6	2	3.0
寂寞的夜...	6	2	3.0
国服第一...	6	2	3.0
格林兰吃...	29	2	14.5
粉红切开...	6	2	3.0
肥肥羊	6	2	3.0
带带老朋...	23	2	11.5
澶溿灘	49	2	24.5
heybcy	6	2	3.0
erio	6	2	3.0
ChamsonZError	6	2	3.0
binximomo	6	2	3.0
0000001啊44	6	2	3.0
戦图	5	2	2.5
有糖不给...	5	2	2.5
有点意思Q...	5	2	2.5
忧郁是种...	5	2	2.5
吟游书生丨	5	2	2.5
咦兔兔酱	40	2	20.0
一如少年...	5	2	2.5
新垣结衣...	5	2	2.5
心死怒不熄	20	2	10.0
仙境之桥	5	2	2.5
無二	5	2	2.5
万万没吃到	5	2	2.5
提筱莫	5	2	2.5
思念也好	5	2	2.5
强盛小贱	5	2	2.5
平安锅吧	20	2	10.0
梦里梦见...	5	2	2.5
漫无止境...	16	2	8.0
联邦军一...	5	2	2.5
即刻出发...	5	2	2.5
浮生若梦...	5	2	2.5
大碗红油...	5	2	2.5
大白Tu的...	5	2	2.5
吃我大吊	5	2	2.5
白刃且长...	5	2	2.5
爱你的心	5	2	2.5
爱国者	5	2	2.5
爱德蒙...	5	2	2.5
o人肉叉...	25	2	12.5
ohhift	5	2	2.5
NONE	5	2	2.5
fsy0377	5	2	2.5
eStar	5	2	2.5
Doras	5	2	2.5
Death_小孩	30	2	15.0
bns丶小黑	5	2	2.5
1厘米EQ的皇子	5	2	2.5
【橙色泰...	17	2	8.5
_苏男妖	5	2	2.5
诸葛紫夜	4	2	2.0
照	4	2	2.0
虞兮奈若...	4	2	2.0
夜空中最...	37	2	18.5
掩耳盗铃b...	4	2	2.0
哑巴湖大...	4	2	2.0
小鹿斑比	99	2	49.5
我没有益龘	4	2	2.0
吻雨也听...	55	2	27.5
屠龙VS木棍	4	2	2.0
天朝爱上...	4	2	2.0
思想出了...	4	2	2.0
是梦狸酱	4	2	2.0
十月香花	4	2	2.0
逆风快递i	4	2	2.0
敏而好学	4	2	2.0
卖菜不给...	4	2	2.0
略黑青年	4	2	2.0
萝卜爱清橘	4	2	2.0
抗压吧务...	4	2	2.0
抗吧人均...	4	2	2.0
好无趣...	4	2	2.0
法国女仆...	4	2	2.0
堕落D游侠	60	2	30.0
东海之滨	4	2	2.0
yhseht1	44	2	22.0
Vivaの	26	2	13.0
MAnalysis	4	2	2.0
l2sora	4	2	2.0
JXiMY	19	2	9.5
DrOragnial	28	2	14.0
Cuvee	20	2	10.0
Cassic	4	2	2.0
6gj1h8qp	4	2	2.0
____浅唱丶free	71	2	35.5
执念太深	3	2	1.5
颖夜_	3	2	1.5
一神平凡	3	2	1.5
一个BUG吧	3	2	1.5
小阿白	3	2	1.5
勿忘我	24	2	12.0
停留咯	3	2	1.5
十年饮冰...	3	2	1.5
上校觉得...	3	2	1.5
区区Lpl	3	2	1.5
灵魂小芭...	3	2	1.5
快乐风男...	3	2	1.5
绝世别离	3	2	1.5
九空搖愛	3	2	1.5
皇杂尸骨...	3	2	1.5
黑NM呢黑	3	2	1.5
广东有一叶	3	2	1.5
封人才是...	3	2	1.5
风雪漫千...	3	2	1.5
多远的很远	3	2	1.5
刀槍不長眼	3	2	1.5
吧花不洗...	3	2	1.5
Souler945	3	2	1.5
Satir	3	2	1.5
Ipz505	3	2	1.5
fgbt08	90	2	45.0
97潮牌店	3	2	1.5
正常人	23	2	11.5
真杨威利	2	2	1.0
在妹妹打...	2	2	1.0
月半丨月...	2	2	1.0
愿得爱人x...	2	2	1.0
御坂第10032号	24	2	12.0
心之束※负	2	2	1.0
心丶如水丶	2	2	1.0
小改改	2	2	1.0
小goku	241	2	120.5
我超级爱...	18	2	9.0
卫宫切嗣	2	2	1.0
忘川羽	13	2	6.5
天凉好个...	2	2	1.0
塔利斯卡	2	2	1.0
兽兽の私密	2	2	1.0
石尧山	2	2	1.0
神仙居买...	2	2	1.0
如果我离...	2	2	1.0
涅槃重生...	112	2	56.0
明月有明日	2	2	1.0
迷	2	2	1.0
凌物语1	23	2	11.5
空篮不进...	2	2	1.0
惊鸿過隙	2	2	1.0
菁非昔比	27	2	13.5
金比挣	2	2	1.0
杰内米亚卿	2	2	1.0
顾书白	2	2	1.0
肥宅丶	16	2	8.0
彻底无语中	2	2	1.0
草船借贱	13	2	6.5
残影小剑	2	2	1.0
哔哩哔啵...	2	2	1.0
悲画扇丶...	2	2	1.0
爱洗澡的...	2	2	1.0
zxcdxs	2	2	1.0
Troy丶战神z	28	2	14.0
lelouchm	2	2	1.0
housejdhfj	2	2	1.0
Forever丶Going	2	2	1.0
Fellovee	14	2	7.0
Dota_Ace	2	2	1.0
belong_to__me	18	2	9.0
314star	2	2	1.0
自由即奴...	1	2	0.5
真的猜不...	1	2	0.5
站在八强...	1	2	0.5
有点小酷	1	2	0.5
依灬蝴蝶	1	2	0.5
一往琴深	41	2	20.5
叶独孤寒	1	2	0.5
巡回的	215	2	107.5
枉死的殉...	1	2	0.5
特拉法加...	1	2	0.5
她爱我爱h	1	2	0.5
史狗子	1	2	0.5
诗人漫步...	45	2	22.5
剩余de心跳	1	2	0.5
浅羽佑惜	1	2	0.5
牵着蜗牛冲	1	2	0.5
暖暖的鑫...	299	2	149.5
你的笑容...	1	2	0.5
迷途咪兔	1	2	0.5
萌朦朦	1	2	0.5
落寞的暖	79	2	39.5
零之守...	50	2	25.0
冷焰叶	1	2	0.5
老江科技...	1	2	0.5
空谷白	1	2	0.5
可乐不可...	1	2	0.5
姐姐我还...	1	2	0.5
假的太真	1	2	0.5
红莉栖	13	2	6.5
够日的马...	1	2	0.5
高调的水	1	2	0.5
翻译...	1	2	0.5
弟甘良民嗲	1	2	0.5
灯封澡急	1	2	0.5
道剑剑非...	1	2	0.5
淡抹那一...	1	2	0.5
晨曦微露	14	2	7.0
爱笑的樱...	1	2	0.5
woop	1	2	0.5
wkpgamt	1	2	0.5
So丶旧言...	1	2	0.5
sky转一圈	1	2	0.5
only丶零	1	2	0.5
lssgma	1	2	0.5
Jbggghhhhhhh	1	2	0.5
happyyuki47	1	2	0.5
EDG四个圈	1	2	0.5
daid7758258	1	2	0.5
a大恩	1	2	0.5
9241121TLP	19	2	9.5
91丶开先...	24	2	12.0
_翻墙去调情	1	2	0.5
_Griles	113	2	56.5
洲际赛	0	2	0.0
找不回来啦	0	2	0.0
战队RNG	42	2	21.0
源氏孤儿	0	2	0.0
浴皇大帝...	88	2	44.0
与酒共清...	16	2	8.0
依然尹少	0	2	0.0
一生爱nat	0	2	0.0
休止符	0	2	0.0
小鸟说早...	20	2	10.0
小浣熊酸...	0	2	0.0
小菜鸡灬彡	0	2	0.0
悟空练斗气	380	2	190.0
我卓卓卓	0	2	0.0
我真可爱	0	2	0.0
我是电灯猴	22	2	11.0
素衣简简	0	2	0.0
十四号楼...	0	2	0.0
忍野惠...	0	2	0.0
清酒染风...	0	2	0.0
芊雨烟	0	2	0.0
七武四皇...	0	2	0.0
普通人	36	2	18.0
喷火娃爷爷	0	2	0.0
你够稳的	0	2	0.0
明西利	80	2	40.0
迷人乏味...	0	2	0.0
猫在一旁	21	2	10.5
六学带师	0	2	0.0
零の平贺...	0	2	0.0
盭騔斅...	28	2	14.0
蓝色上的...	0	2	0.0
苦沙弥的胃	0	2	0.0
剑舞葬月	0	2	0.0
几时画眉...	537	2	268.5
幻123	0	2	0.0
风之子Lucifer	0	2	0.0
繁城星语	0	2	0.0
发烧到天明	11	2	5.5
鄂A8888	0	2	0.0
丶倔强的...	0	2	0.0
盗版贩子1...	0	2	0.0
带头带哥	0	2	0.0
带带深海...	0	2	0.0
赤瞳村雨c	23	2	11.5
超凶	0	2	0.0
冰可乐有毒	0	2	0.0
比不过比...	0	2	0.0
暴走臭屁屁	0	2	0.0
八强自豪...	0	2	0.0
暗夜血百合	54	2	27.0
矮牟蹄	0	2	0.0
哎呀科神	0	2	0.0
ZOREVG	0	2	0.0
zhangdd5488	0	2	0.0
Zch丶春辉	0	2	0.0
yuyiiii4	31	2	15.5
xMew2	73	2	36.5
xia1231001	0	2	0.0
whazzard	42	2	21.0
Team	206	2	103.0
tagaki	0	2	0.0
s桀骜不驯v	0	2	0.0
Ssakur	0	2	0.0
shadowdarkness	0	2	0.0
sdls鈥唋	0	2	0.0
Scマ6	0	2	0.0
NWXJHM	0	2	0.0
NBA第一评论员	0	2	0.0
MaterXXH	19	2	9.5
Lukawa灬	37	2	18.5
liuyh71915	13	2	6.5
gucciwxp	0	2	0.0
Durg	0	2	0.0
crisax	0	2	0.0
chenster_1	0	2	0.0
Brothe	0	2	0.0
Badboy	0	2	0.0
adc唯美叶落	0	2	0.0
Acance	0	2	0.0
0海陵王0	15	2	7.5
唐极妍	1211	1	1211.0
Teddy丶z	1060	1	1060.0
粪话舟	632	1	632.0
彼岸丶草	550	1	550.0
九亿少女...	527	1	527.0
呦鼬you	375	1	375.0
花落无尘丶	361	1	361.0
哈哈的哦...	345	1	345.0
人造生命	337	1	337.0
一枚搬砖工	326	1	326.0
良人	325	1	325.0
莹火萧雨	316	1	316.0
你是魔鬼...	306	1	306.0
铁男的奈...	299	1	299.0
明月千里...	295	1	295.0
月魂0礼哥0	291	1	291.0
你老婆像...	287	1	287.0
biiigz	275	1	275.0
穿墙路由器	267	1	267.0
夏侯少主...	266	1	266.0
月照沟渠...	265	1	265.0
李哥不败	265	1	265.0
釜士山下i	263	1	263.0
never	263	1	263.0
田馥甄粉...	260	1	260.0
你问我我...	260	1	260.0
我叫铁科...	258	1	258.0
唯仁唯ai	247	1	247.0
7年top粉	241	1	241.0
埃罗芒阿	237	1	237.0
竹杖芒...	233	1	233.0
自己就好	230	1	230.0
小明开箱...	230	1	230.0
妮可真可...	229	1	229.0
青丘姽婳	226	1	226.0
akllooo	221	1	221.0
梨乌冬	217	1	217.0
陌若	216	1	216.0
水月犬	202	1	202.0
深秋丶	197	1	197.0
色彩切糕	197	1	197.0
sky谷雨	192	1	192.0
吹雪	182	1	182.0
WSSOWO	180	1	180.0
不穿美女...	178	1	178.0
blblliu	178	1	178.0
暮焯	177	1	177.0
何枝可依	175	1	175.0
爱与诚	168	1	168.0
ahtycy	165	1	165.0
流浪记	164	1	164.0
ig丶wxz	164	1	164.0
jisssdd6	162	1	162.0
SSYuki	156	1	156.0
小墙头我...	153	1	153.0
漠宇思	151	1	151.0
TheNot	150	1	150.0
emmc的海	150	1	150.0
白洁人伦	144	1	144.0
壹愚	143	1	143.0
哥牛啤酒	143	1	143.0
本杰明	143	1	143.0
冰岚...	136	1	136.0
心乄恋	135	1	135.0
迷糊丶小...	132	1	132.0
Selier	130	1	130.0
如_愿_	129	1	129.0
龙龙龙王	129	1	129.0
亦是行人c	128	1	128.0
你又开始...	125	1	125.0
一枪穿	122	1	122.0
怡红公子v	121	1	121.0
一念一...	121	1	121.0
胯下之辱...	121	1	121.0
畸形巨婴...	121	1	121.0
文艺小青...	120	1	120.0
志雷马丶	118	1	118.0
萨木	117	1	117.0
雾知谁念...	115	1	115.0
ZJrYu	114	1	114.0
你是我的...	113	1	113.0
放的下么丶	113	1	113.0
上善国际...	112	1	112.0
麦子不是米	112	1	112.0
RNG加油吧	112	1	112.0
安港吴彦祖	111	1	111.0
wuli上坂	111	1	111.0
你就是菜B	109	1	109.0
荒芜中等...	109	1	109.0
嗨801	108	1	108.0
成都第一...	108	1	108.0
拉文克劳	107	1	107.0
上杉绘...	106	1	106.0
金丶源皓	105	1	105.0
gedapeng95	104	1	104.0
请叫我花...	103	1	103.0
_____南宫七瑾	100	1	100.0
真主与猪...	98	1	98.0
猴赛雷198	97	1	97.0
亚洲首富...	95	1	95.0
捡灯笼造...	94	1	94.0
带舅子帅...	93	1	93.0
菜菜呀不...	93	1	93.0
今为梦重...	92	1	92.0
天梦丨晓晓	91	1	91.0
白纵天下	90	1	90.0
诺诺个	89	1	89.0
一十年	88	1	88.0
羽晓	87	1	87.0
有趣的恶...	86	1	86.0
我活在...	86	1	86.0
南垂石头	86	1	86.0
煮饭阿姨...	85	1	85.0
我不是日...	85	1	85.0
威威安	85	1	85.0
子桓	84	1	84.0
为你哭泣	84	1	84.0
凉薄ゆ	84	1	84.0
老杏	84	1	84.0
662程	84	1	84.0
优1阿	83	1	83.0
韩笑韩笑	83	1	83.0
itxwniaf	83	1	83.0
立花訚千...	82	1	82.0
时光不...	81	1	81.0
锦衣夜行	81	1	81.0
xccxcc123456	81	1	81.0
清歌古韵	80	1	80.0
火鸡味锅...	80	1	80.0
我的好爷...	79	1	79.0
左臂的lonely	78	1	78.0
巨婴王思...	78	1	78.0
愿简单	77	1	77.0
南谷白驹...	77	1	77.0
鸽子1221	77	1	77.0
十六岁的...	76	1	76.0
surrender312	76	1	76.0
十四松	74	1	74.0
不过是丶...	73	1	73.0
Last舞步	73	1	73.0
LionPrime	70	1	70.0
yxll	69	1	69.0
╮错觉乀	69	1	69.0
与驹共退_	68	1	68.0
鹦哥岭之...	68	1	68.0
秋天的月夜	68	1	68.0
各色各个	68	1	68.0
赤蛮奇	68	1	68.0
悲喜何若	68	1	68.0
一个帅气...	66	1	66.0
锤扁爆...	66	1	66.0
一菜13	65	1	65.0
三界血虐...	65	1	65.0
koko4	65	1	65.0
抓住那只...	64	1	64.0
天山飞雪白	64	1	64.0
上条当麻	64	1	64.0
仅存的柠...	64	1	64.0
江西师大...	64	1	64.0
简自豪heart	64	1	64.0
杜蕾斯帮威	64	1	64.0
真正吧务	63	1	63.0
闲鸥野鹭	63	1	63.0
无所谓LNL	63	1	63.0
乐观的吞...	63	1	63.0
ReDOf_D_SouL	63	1	63.0
出差的空...	62	1	62.0
长悟	61	1	61.0
盖世小鸡	61	1	61.0
阿鲁8阿西8	60	1	60.0
YYao丶丶	60	1	60.0
无那尘缘...	59	1	59.0
漂亮的回...	59	1	59.0
狗伟一生...	59	1	59.0
步非烟	59	1	59.0
天之一刺	58	1	58.0
艾希凯特琳	58	1	58.0
笑倚栏杆	57	1	57.0
甜酒不够...	57	1	57.0
松平瞳子	57	1	57.0
SKTT1烬	57	1	57.0
主菜老干妈	56	1	56.0
也许只是...	56	1	56.0
为艾为艾	56	1	56.0
tndb2131	56	1	56.0
go把自己...	56	1	56.0
竹杖芒鞋...	55	1	55.0
我本是一...	55	1	55.0
荼人君	55	1	55.0
落落不绝	55	1	55.0
恭喜ig夺...	55	1	55.0
厄齐尔的...	55	1	55.0
不免动情	55	1	55.0
爱怪盗基...	55	1	55.0
vv风掣小...	55	1	55.0
思念随风...	54	1	54.0
白羊Overton	54	1	54.0
奥度因	54	1	54.0
fremeen	54	1	54.0
figawsf	54	1	54.0
魂斗萝	53	1	53.0
ssss	53	1	53.0
这个辉辉...	52	1	52.0
天网灰灰s...	52	1	52.0
时尚时尚...	52	1	52.0
浅怼深谈	52	1	52.0
七年仔	52	1	52.0
不懂输的h...	52	1	52.0
Von艾莉卡	52	1	52.0
newface007	52	1	52.0
痛里啊给...	51	1	51.0
让三追三	51	1	51.0
梦观海	51	1	51.0
厉害了我...	51	1	51.0
Fountain指挥官	51	1	51.0
月皓兮	50	1	50.0
她说远方...	50	1	50.0
毛纺	50	1	50.0
堀北诗羽...	50	1	50.0
古国爱经	50	1	50.0
UziQAQ	50	1	50.0
茂凯无法...	49	1	49.0
咔咔	49	1	49.0
MRY71	49	1	49.0
Mini	49	1	49.0
Hwamei	49	1	49.0
邻居老杨灬	48	1	48.0
浪费	48	1	48.0
好吧15103	48	1	48.0
弋戈000	47	1	47.0
萧冷wanan_	47	1	47.0
稀饭QAQ	47	1	47.0
嗡沮涂过热	47	1	47.0
薇雨安	47	1	47.0
带猴仔	47	1	47.0
u21	47	1	47.0
l1yyp	47	1	47.0
hevdhejbsh	47	1	47.0
心中的蚊子	46	1	46.0
教主同志	46	1	46.0
赫尔德	46	1	46.0
风者王是我	46	1	46.0
媛媛你好...	45	1	45.0
忍冬957WE	45	1	45.0
梦旅人39	45	1	45.0
精不怕烫	45	1	45.0
沧古丶	45	1	45.0
枕草莓子	44	1	44.0
让我来C	44	1	44.0
旅旅退的	44	1	44.0
阿森纳范...	44	1	44.0
JI8	44	1	44.0
D调的秋天	44	1	44.0
没人爱笨...	43	1	43.0
AMs离殇	43	1	43.0
转世__又...	42	1	42.0
曲红惋霞...	42	1	42.0
拼拼拼拼	42	1	42.0
度娘没好...	42	1	42.0
爱弥留	42	1	42.0
清无丶茗	41	1	41.0
皮卡皮d路飞	41	1	41.0
欧洲球探...	41	1	41.0
刚好不好飞	41	1	41.0
淡淡无忌	41	1	41.0
查无此人...	41	1	41.0
museum	41	1	41.0
bai123011	41	1	41.0
真牛	40	1	40.0
遮那sha	40	1	40.0
夢柒打湿...	40	1	40.0
今昔__何惜	40	1	40.0
何如青山	40	1	40.0
锅吧猎人	40	1	40.0
道德帝在...	40	1	40.0
岛田泰隆	40	1	40.0
抽象图图	40	1	40.0
yutong	40	1	40.0
Summershine10	40	1	40.0
月下公子...	39	1	39.0
细水长...	39	1	39.0
拾捌连胜...	39	1	39.0
骄傲的...	39	1	39.0
花花741世界	39	1	39.0
存在cN	39	1	39.0
arizecferr	39	1	39.0
蒸気季節	38	1	38.0
鱼塘里的...	38	1	38.0
婐涷乄风魂	38	1	38.0
黑炭头	38	1	38.0
带带你滴	38	1	38.0
擦浪嘿小...	38	1	38.0
没你好果...	37	1	37.0
凌小宇不...	37	1	37.0
嘟爱坤坤	37	1	37.0
刺青铭记i...	37	1	37.0
ZoE	37	1	37.0
lysheng332	37	1	37.0
左枪手传奇	36	1	36.0
小姜琪	36	1	36.0
小家军最...	36	1	36.0
跳跃箭矢	36	1	36.0
十年春秋	36	1	36.0
神一样的...	36	1	36.0
山口太君	36	1	36.0
彷徨兎	36	1	36.0
厄运小姐	36	1	36.0
isaac6129	36	1	36.0
6604796	36	1	36.0
针震真臻	35	1	35.0
司机冰冰	35	1	35.0
似梦如诗	35	1	35.0
离丶小殇	35	1	35.0
迦南以南	35	1	35.0
好吧我记得	35	1	35.0
不装饰你...	35	1	35.0
艾灸恴琧	35	1	35.0
阿达儒雅...	35	1	35.0
FairyTale诗	35	1	35.0
Caster	35	1	35.0
醉生梦死...	34	1	34.0
伊诗塔战灵	34	1	34.0
五六	34	1	34.0
食指DE承诺	34	1	34.0
丿我是灬...	34	1	34.0
卡特背刺	34	1	34.0
寒木春华	34	1	34.0
坂上智代	34	1	34.0
白萌白雪	34	1	34.0
lidong121341	34	1	34.0
enjoy史海无涯	34	1	34.0
98黄金一代	34	1	34.0
天之降之物	33	1	33.0
生死疲劳1...	33	1	33.0
软纣	33	1	33.0
片寄涼太	33	1	33.0
节操掉一...	33	1	33.0
街景corrid	33	1	33.0
富察容...	33	1	33.0
打更人的猫	33	1	33.0
奔跑的...	33	1	33.0
rng偷冠军	33	1	33.0
拯救众生...	32	1	32.0
雲之彼端	32	1	32.0
源来我喜...	32	1	32.0
殷桃小狗...	32	1	32.0
小鼎顶顶顶	32	1	32.0
淣人	32	1	32.0
林小淅	32	1	32.0
聪明の可...	32	1	32.0
WE嘴强王者	32	1	32.0
0K_man	32	1	32.0
一袭褴褛	31	1	31.0
一群溺水...	31	1	31.0
夜I寒I影	31	1	31.0
小小鬼下士	31	1	31.0
天选之人	31	1	31.0
藐视权限...	31	1	31.0
马甲皇	31	1	31.0
落地的枫	31	1	31.0
老衲不姓hu	31	1	31.0
科比	31	1	31.0
黑鹰哈布...	31	1	31.0
渡边早季	31	1	31.0
s雨云s	31	1	31.0
Ssssss	31	1	31.0
有多少人...	30	1	30.0
一只狷子	30	1	30.0
一人吃三路	30	1	30.0
一起加油...	30	1	30.0
璇在天上	30	1	30.0
悬胡青天...	30	1	30.0
亡者之舞h...	30	1	30.0
思聪biss	30	1	30.0
上彬绘梨衣	30	1	30.0
秋月	30	1	30.0
会和一个v	30	1	30.0
独角兽	30	1	30.0
擦啊啊啊来	30	1	30.0
zl泽江苟	30	1	30.0
someone952788	30	1	30.0
B格满满	30	1	30.0
0‰的可能	30	1	30.0
追撒	29	1	29.0
装糊涂v嵩	29	1	29.0
阳光的重...	29	1	29.0
无敌小半...	29	1	29.0
破人寒	29	1	29.0
力之小确幸	29	1	29.0
浪子的离歌	29	1	29.0
虎魄凌云C...	29	1	29.0
给你一只...	29	1	29.0
丶祖跃	29	1	29.0
天无火堂	28	1	28.0
上去就是...	28	1	28.0
青菜比肉...	28	1	28.0
花椒游	28	1	28.0
飞轮啊啊	28	1	28.0
大内密探	28	1	28.0
我为adc代言	27	1	27.0
忘笑的宁	27	1	27.0
酸菜鱼	27	1	27.0
窗外雨滴...	27	1	27.0
背对疾风...	27	1	27.0
Eronga	27	1	27.0
佐仓爱里	26	1	26.0
走遍全世街z	26	1	26.0
爫灬爫	26	1	26.0
西红柿虚...	26	1	26.0
我无敌的...	26	1	26.0
我是平还...	26	1	26.0
葵溪丷	26	1	26.0
多过其实	26	1	26.0
断刀绝情	26	1	26.0
别止之约	26	1	26.0
板柳有栖	26	1	26.0
柏林墙倒...	26	1	26.0
yuanlikun	26	1	26.0
张学友66666	25	1	25.0
月黑的时候	25	1	25.0
一空城一...	25	1	25.0
耶菠萝菠...	25	1	25.0
小轩必胜...	25	1	25.0
小杰富力...	25	1	25.0
图阿鲁	25	1	25.0
天河剑派...	25	1	25.0
溱淮MoCo	25	1	25.0
泥鳅快跑啊	25	1	25.0
莫里亚蒂	25	1	25.0
九十勾蛋...	25	1	25.0
简二八	25	1	25.0
喞蠐	25	1	25.0
关羽的	25	1	25.0
豹子头林...	25	1	25.0
Star丿丶悠然	25	1	25.0
NieDou	25	1	25.0
有时右逝	24	1	24.0
一叶之秋...	24	1	24.0
鸭子鸭子...	24	1	24.0
夏日枫_灰色	24	1	24.0
洗澡一...	24	1	24.0
图样图森p0	24	1	24.0
你比从前...	24	1	24.0
旧城里的...	24	1	24.0
间歇智障...	24	1	24.0
滚...	24	1	24.0
古井贡华	24	1	24.0
村中一霸	24	1	24.0
阿文点蚊香	24	1	24.0
fkzxwzl	24	1	24.0
知食分子...	23	1	23.0
淹死的水...	23	1	23.0
梧桐	23	1	23.0
闻君辞	23	1	23.0
噬魂爱吃鱼	23	1	23.0
很久以前...	23	1	23.0
芳米	23	1	23.0
勃尔赤金_...	23	1	23.0
Zige	23	1	23.0
Qofick	23	1	23.0
皱绿	22	1	22.0
倚树听风A...	22	1	22.0
要爱学习呐	22	1	22.0
蜗失身	22	1	22.0
曲未终人...	22	1	22.0
碰我就碎	22	1	22.0
娘娘腔丶...	22	1	22.0
萌萌哒的...	22	1	22.0
两仪式	22	1	22.0
就你厉害zz	22	1	22.0
海灵顿比...	22	1	22.0
德玛亚吃j...	22	1	22.0
大了个爷w...	22	1	22.0
蠢兮兮的...	22	1	22.0
北蓉有鱼	22	1	22.0
阿育娅	22	1	22.0
ling0ts	22	1	22.0
9老陈醋	22	1	22.0
在不	21	1	21.0
有人来了...	21	1	21.0
夜碎囧	21	1	21.0
乄冔	21	1	21.0
无聊唉	21	1	21.0
平凡人平...	21	1	21.0
尼玛这什...	21	1	21.0
柯斯蒂娜	21	1	21.0
看我就迷糊	21	1	21.0
耗比	21	1	21.0
鬼才_yi	21	1	21.0
冬冬冬几	21	1	21.0
悲情阿尔皮	21	1	21.0
巴克利	21	1	21.0
hw8263139	21	1	21.0
gggg	21	1	21.0
castle继续革命	21	1	21.0
1niiiii	21	1	21.0
葬爱三少3	20	1	20.0
愿如初见...	20	1	20.0
香瓜buna	20	1	20.0
污力少男...	20	1	20.0
涂山丿红...	20	1	20.0
三姓家奴...	20	1	20.0
人生戏子...	20	1	20.0
淺似留殤丶	20	1	20.0
墨明	20	1	20.0
沫慕辰	20	1	20.0
魔力鸟三...	20	1	20.0
鹿鸣	20	1	20.0
咳咳咳643	20	1	20.0
霍甲醛	20	1	20.0
带带烛魔...	20	1	20.0
串中串中串	20	1	20.0
曾是惊鸿...	20	1	20.0
阿尼妹a	20	1	20.0
这湖莲花	19	1	19.0
扎针狂魔...	19	1	19.0
酉良智造	19	1	19.0
一枪8开	19	1	19.0
雅罗轻羽	19	1	19.0
相公等我哦	19	1	19.0
努力的未...	19	1	19.0
南溟羽鲲	19	1	19.0
迷途的野狗	19	1	19.0
老劉醒	19	1	19.0
惊落红枫	19	1	19.0
今天雨小	19	1	19.0
杰克辣舞	19	1	19.0
焦座仁	19	1	19.0
功名cc	19	1	19.0
飞吧坡璃	19	1	19.0
lucrr	19	1	19.0
HuiBInaa	19	1	19.0
Asan	19	1	19.0
a718689242	19	1	19.0
1阿拉让1	19	1	19.0
最爱打人...	18	1	18.0
陨星的梦	18	1	18.0
小Y	18	1	18.0
袭胸魔王...	18	1	18.0
乄Soul镜花水月	18	1	18.0
舔某人	18	1	18.0
天气好么...	18	1	18.0
秋意深浓	18	1	18.0
气象台说...	18	1	18.0
空空伊	18	1	18.0
柯南_小白	18	1	18.0
就想出气口	18	1	18.0
就是那个...	18	1	18.0
杰里柯...	18	1	18.0
风中之烛TF	18	1	18.0
百年_城	18	1	18.0
Van樣	18	1	18.0
TZT飞常燥	18	1	18.0
Romantic丶浅笑	18	1	18.0
nini000aaaa	18	1	18.0
Liu年静好	18	1	18.0
愉快的狗...	17	1	17.0
有偿	17	1	17.0
忧郁的山狗	17	1	17.0
永远的兔...	17	1	17.0
夜雨声烦	17	1	17.0
夜雨莫沁人	17	1	17.0
小嘤雄	17	1	17.0
速素回答	17	1	17.0
手冲中文	17	1	17.0
乐观的大...	17	1	17.0
困了多好	17	1	17.0
快乐一点...	17	1	17.0
扛大刀的...	17	1	17.0
绝会死	17	1	17.0
纪念离去...	17	1	17.0
火柴天堂车	17	1	17.0
幻夜小博	17	1	17.0
冬天的车...	17	1	17.0
大文豪2019	17	1	17.0
大白在身...	17	1	17.0
雏月加代i	17	1	17.0
肮脏的蠢...	17	1	17.0
yaoruide	17	1	17.0
wuqiannianga	17	1	17.0
shang77133	17	1	17.0
pptkami	17	1	17.0
LchMh	17	1	17.0
hun3480	17	1	17.0
hhhaaa	17	1	17.0
dying君	17	1	17.0
canada电鳗	17	1	17.0
Armageddon_影	17	1	17.0
呀哇哈...	16	1	16.0
续某人	16	1	16.0
四宫辉...	16	1	16.0
仁淀	16	1	16.0
那颗大叔...	16	1	16.0
迷失于这...	16	1	16.0
铃无音音	16	1	16.0
林林林	16	1	16.0
凯旋	16	1	16.0
卡不卡	16	1	16.0
剑落惊风...	16	1	16.0
机智聪明...	16	1	16.0
嗨嗨嗨嗨...	16	1	16.0
梵蒂冈的...	16	1	16.0
单锋老祖...	16	1	16.0
别玩卡莎...	16	1	16.0
北北西北北	16	1	16.0
白夜已昼	16	1	16.0
阿卡多	16	1	16.0
RB	16	1	16.0
Probiotic	16	1	16.0
BlU丶BANG	16	1	16.0
bennycowbrrrr	16	1	16.0
baby青春的心愿	16	1	16.0
杂装死...	15	1	15.0
樱火轮舞	15	1	15.0
吾有正气	15	1	15.0
我有多拉...	15	1	15.0
我意旧	15	1	15.0
万恶的撸...	15	1	15.0
天好热来...	15	1	15.0
瑞典盐腌...	15	1	15.0
青梅竹马...	15	1	15.0
魔鬼喵	15	1	15.0
烈羽大膜王	15	1	15.0
激萌	15	1	15.0
河道慎点...	15	1	15.0
大家的老公a	15	1	15.0
从前有一...	15	1	15.0
炽热的余...	15	1	15.0
边城无心	15	1	15.0
被撒比追...	15	1	15.0
敖氏龙族	15	1	15.0
阿良良木	15	1	15.0
x3微笑	15	1	15.0
VNGi	15	1	15.0
S1F9	15	1	15.0
parkeunhyosky	15	1	15.0
Kar98k	15	1	15.0
faker	15	1	15.0
dsglyx	15	1	15.0
Deepspace2	15	1	15.0
bccjh	15	1	15.0
antino	15	1	15.0
110	15	1	15.0
做禽兽不...	14	1	14.0
最爱韩新月	14	1	14.0
朕一直说...	14	1	14.0
月下初雪...	14	1	14.0
渔家灯火丶	14	1	14.0
有点小帅...	14	1	14.0
小小爱情...	14	1	14.0
我兜里还...	14	1	14.0
我的冬天...	14	1	14.0
维尼写诗...	14	1	14.0
岁月无言...	14	1	14.0
青衣棋待诏i	14	1	14.0
胖墩儿...	14	1	14.0
你好丫新...	14	1	14.0
绵妡梓	14	1	14.0
沵嶶笑溡...	14	1	14.0
梦为努力...	14	1	14.0
冷月123453	14	1	14.0
雷尔希迪斯	14	1	14.0
空城旧梦	14	1	14.0
可可可爱...	14	1	14.0
看你不顺...	14	1	14.0
江还是老...	14	1	14.0
痕￠殇	14	1	14.0
风翼无痕	14	1	14.0
风霖目	14	1	14.0
董痔疮	14	1	14.0
苍山负雪	14	1	14.0
残剑prince	14	1	14.0
Iwant丶U	14	1	14.0
b68022018	14	1	14.0
纸醉金迷	13	1	13.0
遇雨语与...	13	1	13.0
宇智波...	13	1	13.0
悠嘻7	13	1	13.0
一枕	13	1	13.0
要那诸佛	13	1	13.0
信手涂鸦灬	13	1	13.0
我超滑稽...	13	1	13.0
未完结的...	13	1	13.0
王异	13	1	13.0
提莫炮	13	1	13.0
神奇未来rx	13	1	13.0
人皇小k	13	1	13.0
秋叶随风1...	13	1	13.0
批小将人...	13	1	13.0
牛牛...	13	1	13.0
你很棒棒...	13	1	13.0
你个鳖孙	13	1	13.0
坑比南伯万	13	1	13.0
金身盲僧...	13	1	13.0
今天要上...	13	1	13.0
基佬留步	13	1	13.0
广东孔乙...	13	1	13.0
鸽鸽Food	13	1	13.0
风雨残心	13	1	13.0
超时空猪...	13	1	13.0
别笑我像...	13	1	13.0
百里无爭	13	1	13.0
艾宇爹	13	1	13.0
shengwu89	13	1	13.0
qqhujing	13	1	13.0
lol永	13	1	13.0
JRChan	13	1	13.0
iDearer	13	1	13.0
heddcn	13	1	13.0
GrAvity1220	13	1	13.0
_Trway	13	1	13.0
抓紧想念	12	1	12.0
执棋	12	1	12.0
真心很低调	12	1	12.0
摇桃花的...	12	1	12.0
岩呓伦语	12	1	12.0
亚洲小可爱	12	1	12.0
细雨沉沙	12	1	12.0
我可不是...	12	1	12.0
审判天使	12	1	12.0
色友童...	12	1	12.0
软耳猫	12	1	12.0
谦逊之言	12	1	12.0
骑鸟问的...	12	1	12.0
你说什么q	12	1	12.0
你就是舰...	12	1	12.0
露西亚人...	12	1	12.0
卤味龟大战	12	1	12.0
岚切	12	1	12.0
控匕	12	1	12.0
军火女王...	12	1	12.0
